160 229 0 0
189 667 0 0
564 664 0 0
455 510 0 0
345 417 0 0
628 411 0 0
186 383 1 0
706 229 1 0
646 465 1 0
381 482 1 0
377 290 1 0
445 230 1 0
138 372 2 0
159 601 2 0
667 600 2 0
700 431 2 0
517 586 2 0
473 238 2 0
114 229 3 0
513 227 3 0
636 235 3 0
371 531 3 0
568 604 3 0
678 543 3 0
87 223 4 0
214 217 4 0
630 222 4 0
679 286 4 0
607 655 4 0
219 682 4 0
59 584 4 0
219 204 0 1
222 603 0 1
265 543 0 1
335 539 0 1
456 538 0 1
315 643 0 1
503 646 0 1
574 539 0 1
512 490 0 1
568 430 0 1
494 341 0 1
552 114 1 1
479 115 1 1
382 116 1 1
194 60 1 1
95 580 2 1
147 509 2 1
540 683 2 1
568 251 3 1
549 405 3 1
620 483 3 1
664 560 4 1
534 563 4 1
538 482 4 1
659 451 4 1
600 312 4 1
408 138 4 1
126 258 4 1
101 505 4 1
211 403 4 1
177 616 4 1
345 587 4 1
387 412 4 1
475 439 0 2
281 434 0 2
153 520 0 2
186 581 0 2
151 677 0 2
484 528 0 2
305 419 1 2
309 541 1 2
516 265 1 2
689 218 1 2
751 356 1 2
663 410 1 2
516 112 1 2
523 49 2 2
531 180 2 2
495 297 2 2
535 362 2 2
483 450 2 2
365 435 2 2
244 331 2 2
366 200 2 2
203 147 2 2
65 115 2 2
58 386 2 2
242 655 2 2
662 612 2 2
51 371 3 2
59 173 3 2
247 582 3 2
81 620 3 2
639 154 4 2
573 303 4 2
624 446 4 2
660 612 4 2
438 450 4 2
321 573 4 2
352 677 4 2
102 592 4 2
204 421 4 2
267 245 4 2
161 82 0 3
283 326 0 3
328 184 0 3
219 201 0 3
470 42 0 3
596 242 0 3
160 248 1 3
372 58 1 3
348 295 1 3
501 146 1 3
582 93 1 3
618 279 1 3
696 205 1 3
121 314 2 3
183 251 2 3
299 116 2 3
304 292 2 3
435 211 2 3
520 289 2 3
574 133 2 3
649 284 2 3
178 288 3 3
283 160 3 3
502 97 3 3
221 88 3 3
242 304 4 3
382 237 4 3
505 133 4 3
599 72 4 3
215 87 4 3
170 412 5 0
301 568 5 0
658 708 5 0
53 711 5 0
51 521 5 0
162 655 5 0
515 424 6 0
625 550 6 0
650 424 6 0
104 493 7 0
279 412 7 0
481 555 7 0
466 425 7 0
585 84 8 0
661 134 8 0
571 242 8 0
692 244 8 0
631 320 8 0
431 324 8 0
227 345 8 0
128 532 8 0
236 629 8 0
438 484 8 0
572 594 8 0
634 410 8 0
305 706 8 0
701 636 8 0
213 336 9 0
156 474 9 0
145 640 9 0
363 557 9 0
665 526 9 0
571 687 9 0
351 645 9 0
345 243 5 1
642 298 5 1
104 162 5 1
478 407 5 1
603 581 5 1
471 589 5 1
521 675 5 1
728 102 5 1
611 77 5 1
607 82 6 1
521 220 6 1
638 401 6 1
570 513 6 1
338 577 6 1
382 273 6 1
223 268 6 1
104 397 6 1
121 583 6 1
230 618 6 1
452 112 7 1
362 221 7 1
445 324 7 1
335 487 7 1
232 666 7 1
529 570 7 1
695 463 7 1
178 286 8 1
180 191 8 1
310 361 8 1
384 257 8 1
390 588 8 1
121 487 8 1
648 254 8 1
288 91 9 1
542 583 9 1
406 715 9 1
579 75 5 2
484 208 5 2
580 356 5 2
401 495 5 2
377 664 5 2
543 673 5 2
701 558 5 2
135 205 6 2
389 502 6 2
298 619 6 2
144 529 6 2
214 70 6 2
338 547 7 2
245 392 7 2
161 283 7 2
217 167 7 2
465 447 7 2
616 200 7 2
717 135 7 2
657 69 7 2
152 74 8 2
80 223 8 2
147 346 8 2
213 517 8 2
342 280 8 2
276 156 8 2
474 571 8 2
662 648 8 2
729 551 8 2
387 662 8 2
432 140 9 2
227 267 9 2
187 424 9 2
129 583 9 2
82 346 9 2
414 403 5 3
551 382 5 3
394 259 5 3
467 105 5 3
649 116 5 3
673 286 5 3
562 495 6 3
519 377 6 3
253 445 6 3
176 282 6 3
241 123 6 3
271 580 6 3
470 655 6 3
228 205 7 3
416 184 7 3
689 256 7 3
366 375 7 3
306 489 7 3
370 616 7 3
333 541 8 3
236 614 8 3
117 617 8 3
93 407 8 3
125 260 8 3
441 197 8 3
601 85 8 3
106 73 8 3
398 588 9 3
550 333 5 4
671 376 5 4
685 664 5 4
626 572 5 4
534 81 6 4
462 180 6 4
540 300 6 4
463 398 6 4
558 552 6 4
366 591 6 4
193 647 6 4
641 664 6 4
340 317 7 4
416 262 7 4
467 157 7 4
217 112 7 4
346 108 7 4
116 77 8 4
194 128 8 4
100 269 8 4
240 325 8 4
186 450 8 4
176 562 8 4
223 665 8 4
392 639 8 4
694 580 8 4
599 584 8 4
499 466 8 4
531 122 9 4
439 173 9 4
316 209 9 4
253 319 9 4
506 511 9 4
344 624 9 4
130 269 9 4
372 199 5 5
310 149 5 5
490 144 5 5
373 67 5 5
596 88 5 5
619 131 6 5
562 78 6 5
726 205 6 5
152 89 8 5
436 220 9 5
361 168 9 5
509 174 9 5
446 112 9 5
363 65 9 5